0.000
33.320
66.639
99.957
133.306
166.601
199.914
233.232
266.551
299.871
333.190
366.506
399.824
433.143
466.461
499.782
533.099
566.418
599.734
633.055
666.372
699.691
733.010
766.329
799.645
832.963
866.284
899.600
932.921
966.237
999.556
1032.874
1066.196
1099.512
1132.829
1166.148
1199.468
1232.784
1266.103
1299.420
1332.742
1366.057
1399.379
1432.696
1466.016
1499.331
1532.651
1565.971
1599.286
1632.607
1665.923
1699.243
1732.563
1765.878
1799.195
1832.515
1865.831
1899.152
1932.468
1965.787
1999.107
2032.423
2065.744
2099.060
2132.381
2165.697
2199.018
2232.333
2265.655
2298.970
2332.292
2365.608
2398.928
2432.245
2465.565
2498.881
2532.202
2565.518
2598.839
2632.155
2665.476
2698.791
2732.112
2765.428
2798.748
2832.065
2865.386
2898.703
2932.023
2965.339
2998.660
3031.976
3065.295
3098.613
3131.932
3165.249
3198.567
3231.886
3265.204
3298.523
3331.841
3365.159
3398.477
3431.798
3465.115
3498.433
3531.751
3565.069
3598.393
3631.706
3665.025
3698.343
3731.662
3764.981
3798.299
3831.616
3864.935
3898.254
3931.571
3964.891
3998.208
4031.527
4064.845
4098.167
4131.485
4164.802
4198.121
4231.440
4264.760
4298.077
4331.396
4364.714
4398.033
4431.352
4464.670
4497.990
4531.306
4564.624
4597.943
4631.263
4664.581
4697.898
4731.217
4764.536
4797.853
4831.171
4864.491
4897.810
4931.127
4964.445
4997.763
5031.081
5064.441
5097.756
5131.039
5164.360
5197.675
5230.992
5264.313
5297.632
5330.949
5364.267
5397.586
5430.904
5464.225
5497.539
5530.858
5564.175
5597.495
5630.812
5664.133
5697.450
5730.767
5764.086
5797.406
5830.722
5864.043
5897.359
5930.679
5963.996
5997.314
6030.635
6063.952
6097.273
6130.592
6163.908
6197.224
6230.542
6263.861
6297.182
6330.500
6363.817
6397.141
6430.455
6463.774
6497.094
6530.413
6563.729
6597.050
6630.365
6663.684
6697.003
6730.317
6763.639
6796.957
6830.275
6863.595
6896.915
6930.232
6963.549
6996.872
7030.185
7063.505
7096.827
7130.141
7163.462
7196.778
7230.099
7263.414
7296.736
7330.053
7363.373
7396.690
7430.010
7463.327
7496.648
7529.963
7563.282
7596.599
7629.921
7663.235
7696.557
7729.873
7763.192
7796.509
7829.831
7863.146
7896.467
7929.783
7963.103
7996.420
8029.740
8063.057
8096.379
8129.693
8163.015
8196.331
8229.653
8262.967
8296.286
8329.607
8362.923
8396.241
8429.560
8462.878
8496.196
8529.515
8562.837
8596.154
8629.472
8662.789
8696.107
8729.427
8762.745
8796.063
8829.380
8862.702
8896.017
8929.339
8962.655
8995.975
9029.290
9062.611
9095.928
9129.248
9162.564
9195.885
9229.201
9262.522
9295.839
9329.158
9362.474
9395.794
9429.114
9462.431
9495.748
9529.066
9562.385
9595.705
9629.021
9662.342
9695.658
9728.979
